FormattedDate,away_WP,to_WP,day_of_week,skiers
2013-11-13,1659,1791,2,0.0
2013-11-14,1714,1923,3,132.0
2013-11-15,1935,3269,4,341.0
2013-11-16,2005,2211,5,1675.0
2013-11-17,3362,1453,6,1881.0
2013-11-18,1821,1602,0,-28.0
2013-11-19,1642,1666,1,-247.0
2013-11-20,1638,1570,2,-223.0
2013-11-21,1269,1292,3,-291.0
2013-11-22,1509,2802,4,-268.0
2013-11-23,2006,2936,5,1025.0
2013-11-24,2927,2042,6,1955.0
2013-11-25,2085,2041,0,1070.0
2013-11-26,2186,2540,1,1026.0
2013-11-27,2693,4246,2,1380.0
2013-11-28,1954,2684,3,2933.0
2013-11-29,3517,4694,4,3663.0
2013-11-30,4777,3197,5,4840.0
2013-12-01,5048,1865,6,3260.0
2013-12-02,1965,1579,0,77.0
2013-12-03,1328,1544,1,-309.0
2013-12-04,1038,1190,2,-93.0
2013-12-05,1467,1692,3,59.0
2013-12-06,1673,3145,4,284.0
2013-12-07,3146,3603,5,1756.0
2013-12-08,3857,2042,6,2213.0
2013-12-09,1826,1607,0,398.0
2013-12-10,1637,1747,1,179.0
2013-12-11,1939,1971,2,289.0
2013-12-12,2068,2260,3,321.0
2013-12-13,2189,4321,4,513.0
2013-12-14,3964,4659,5,2645.0
2013-12-15,5638,3365,6,3340.0
2013-12-16,2521,2152,0,1067.0
2013-12-17,2177,2200,1,698.0
2013-12-18,2367,2370,2,721.0
2013-12-19,2230,2630,3,724.0
2013-12-20,2582,4628,4,1124.0
2013-12-21,3457,5015,5,3170.0
2013-12-22,4369,4001,6,4728.0
2013-12-23,4304,4299,0,4360.0
2013-12-24,3086,3563,1,4355.0
2013-12-25,3020,3384,2,4832.0
2013-12-26,4229,5805,3,5196.0
2013-12-27,5236,7241,4,6772.0
2013-12-28,5285,5831,5,8777.0
2013-12-29,5781,4570,6,9323.0
2013-12-30,5740,5492,0,8112.0
2013-12-31,4068,5065,1,7864.0
2014-01-01,6981,4681,2,8861.0
2014-01-02,5351,4436,3,6561.0
2014-01-03,5410,6077,4,5646.0
2014-01-04,4497,3863,5,6313.0
2014-01-05,6095,2785,6,5679.0
2014-01-06,3032,2249,0,2369.0
2014-01-07,2443,2458,1,1586.0
2014-01-08,2378,2361,2,1601.0
2014-01-09,2594,2852,3,1584.0
2014-01-10,2605,5570,4,1842.0
2014-01-11,5209,5669,5,4807.0
2014-01-12,5925,2439,6,5267.0
2014-01-13,2427,1877,0,1781.0
2014-01-14,1719,1646,1,1231.0
2014-01-15,2541,2596,2,1158.0
2014-01-16,2457,3021,3,1213.0
2014-01-17,2994,7369,4,1777.0
2014-01-18,5263,6432,5,6152.0
2014-01-19,5486,3158,6,7321.0
2014-01-20,6929,3011,0,4993.0
2014-01-21,2440,2152,1,1075.0
2014-01-22,2152,2199,2,787.0
2014-01-23,1835,2579,3,834.0
2014-01-24,2423,6463,4,1578.0
2014-01-25,4597,5286,5,5618.0
2014-01-26,7747,3245,6,6307.0
2014-01-27,2136,1563,0,1805.0
2014-01-28,2190,2164,1,1232.0
2014-01-29,2221,2389,2,1206.0
2014-01-30,1810,3045,3,1374.0
2014-01-31,2734,5773,4,2609.0
2014-02-01,4589,4853,5,5648.0
2014-02-02,6075,2815,6,5912.0
2014-02-03,2948,2066,0,2652.0
2014-02-04,1734,1710,1,1770.0
2014-02-05,1791,1863,2,1746.0
2014-02-06,1759,2542,3,1818.0
2014-02-07,2663,6546,4,2601.0
2014-02-08,4366,4934,5,6484.0
2014-02-09,7308,3037,6,7052.0
2014-02-10,2229,1459,0,2781.0
2014-02-11,2527,2329,1,2011.0
2014-02-12,2333,2522,2,1813.0
2014-02-13,2269,3704,3,2002.0
2014-02-14,3309,8141,4,3437.0
2014-02-15,3978,5451,5,8269.0
2014-02-16,6620,4056,6,9742.0
2014-02-17,7157,2865,0,7178.0
2014-02-18,3092,2398,1,2886.0
2014-02-19,2342,2415,2,2192.0
2014-02-20,2157,2948,3,2265.0
2014-02-21,2758,6916,4,3056.0
2014-02-22,4690,5230,5,7214.0
2014-02-23,8470,3714,6,7754.0
2014-02-24,3124,2144,0,2998.0
2014-02-25,1925,1924,1,2018.0
2014-02-26,2379,2542,2,2017.0
2014-02-27,2420,3124,3,2180.0
2014-02-28,3099,7066,4,2884.0
2014-03-01,4356,4820,5,6851.0
2014-03-04,2095,2073,1,7315.0
2014-03-05,2494,2624,2,7293.0
2014-03-06,2552,3310,3,7423.0
2014-03-07,2513,4381,4,8181.0
2014-03-08,4836,6809,5,10049.0
2014-03-10,2960,2666,0,12022.0
2014-03-11,1917,1870,1,11728.0
2014-03-12,2819,2849,2,11681.0
2014-03-13,2904,3142,3,11711.0
2014-03-14,3684,6110,4,11949.0
2014-03-15,4129,4834,5,14375.0
2014-03-16,6787,3842,6,15080.0
2014-03-17,2760,2396,0,12135.0
2014-03-18,2189,2058,1,11771.0
2014-03-19,2782,2684,2,11640.0
2014-03-20,2865,3046,3,11542.0
2014-03-21,3167,5548,4,11723.0
2014-03-22,3945,4736,5,14104.0
2014-03-23,6321,4035,6,14895.0
2014-03-24,3265,2865,0,12609.0
2014-03-25,3174,2987,1,12209.0
2014-03-26,3243,3150,2,12022.0
2014-03-27,2888,3281,3,11929.0
2014-03-28,3961,5555,4,12322.0
2014-03-29,4536,4106,5,13916.0
2014-03-30,5884,2728,6,13486.0
2014-03-31,2510,1928,0,10330.0
2014-04-01,2073,1928,1,9748.0
2014-04-02,2076,2159,2,9603.0
2014-04-03,2279,2587,3,9686.0
2014-04-04,3264,4728,4,9994.0
2014-04-05,3306,3493,5,11458.0
2014-04-06,4968,2660,6,11645.0
2014-04-07,2187,1686,0,9337.0
2014-04-08,1854,1779,1,8836.0
2014-04-09,1901,1940,2,8761.0
2014-04-10,1855,2145,3,8800.0
2014-04-11,2195,3641,4,9090.0
2014-04-12,2812,3308,5,10536.0
2014-04-13,4024,2222,6,11032.0
2014-04-14,2176,1671,0,9230.0
2014-04-15,1822,1746,1,8725.0
2014-04-16,1678,1657,2,8649.0
2014-04-17,1836,2231,3,8628.0
2014-04-18,2434,4299,4,9023.0
2014-04-19,2864,3389,5,10888.0
2014-04-20,4505,2044,6,11413.0
2014-04-21,2493,1748,0,8952.0
2014-04-22,1686,1590,1,8207.0
2014-04-23,1642,1601,2,8111.0
2014-04-24,1704,1911,3,8070.0
2014-04-25,1956,2930,4,8277.0
2014-04-26,2306,2641,5,9251.0
